 PDE 1994  6  9  0 33 16.40 -13.8300  -67.5600 637.0 6.9 6.8 NORTHERN BOLIVIA                        
event name:     060994A
time shift:      0.0000
half duration:   0.0000
latitude:       25.3900
longitude:     101.4000
depth:          33.0000
Mrr:      -0.600000e+24
Mtt:      -6.290000e+24
Mpp:       6.890000e+24
Mrt:      -1.850000e+24
Mrp:       0.120000e+24
Mtp:      -4.730000e+24
