 PDE 1994  6  9  0 33 16.40 -13.8300  -67.5600 637.0 6.9 6.8 NORTHERN BOLIVIA                        
event name:     060994A
time shift:      0.0000
half duration:  20.0000
latitude:       89.9900
longitude:       0.0000
depth:          10.0000
Mrr:       0.0000000e00
Mtt:       0.0000000e00
Mpp:       0.0000000e00
Mrt:       0.0000000e00
Mrp:       0.000000e+00
Mtp:      -2.500000e+27

